91911
92154
92592
91910
92126
92105
92021
92114
92115
91977
92020
91950
92071
92130
92057
92027
92117
92111
92024
92129
92084
92028
92056
92025
91913
92026
92113
92064
92127
92069
92128
92109
92104
92122
92040
92102
92078
92009
92019
92101
91942
92054
92037
92083
92065
92672
92139
92131
92103
91915
92058
92124
91941
92123
92116
92081
92120
92107
92110
92173
92008
91932
91945
92108
92029
92119
92011
91902
92082
92118
92106
92055
91901
92010
92014
91978
92075
91914
92007
91935
92121
92067
92136
92003
91906
92004
92036
91962
92140
91917
92061
91916
92059
92086
92152
92091
91905
92182
91963
92070
92145
92066
92155
91934
92147
92158
92132
92060
91931
92134
91903
91908
91909
91912
91921
91933
91943
91944
91947
91946
91948
91951
91976
91980
91979
91990
91987
92013
92018
92022
92023
92030
92033
92038
92039
92049
92046
92052
92051
92068
92074
92072
92079
92085
92088
92090
92093
92092
92096
92112
92133
92135
92138
92137
92143
92142
92150
92149
92153
92159
92161
92160
92163
92162
92165
92164
92167
92166
92169
92168
92171
92170
92172
92175
92174
92177
92176
92179
92178
92184
92187
92186
92191
92190
92193
92192
92195
92194
92197
92196
92199
92198